199693
277573
216773
234653
269493
180480
263373
294573
199053
201546
268320
253390
288133
198960
222920
220626
227741
220734
213293
257560
276920
220800
211160
248133
182306
194346
261426
187133
289133
228346
207546
208946
274213
215746
237800
201586
216893
232466
244586
234560
212506
205733
221253
214240
227320
131064
235493
212506
188066
253906
183518
242013
210800
238000
200346
216933
231133
284373
215200
236906
212293
211520
164640
208306
218295
150052
204000
276560
173710
209440
263533
242840
192440
243007
268840
224693
202586
249240
232506
249546
247586
224093
281293
241822
229400
216933
230760
177253
201946
271946
236626
222773
267653
224866
207493
188081
196180
237480
249013
193733
228093
262173
227893
229573
252306
222091
222733
200013
201160
222760
284866
243600
239600
230733
220734
159038
202960
260253
213413
263173
222586
228453
240306
285240
207000
189109
237946
239613
320586
204760
217666
200466
219973
303813
222773
210960
307640
206386
234453
235493
248586
218840
229400
199053
263773
210266
296146
215693
241666
279306
283733
237800
193837
184573
246587
227773
199480
211253
299613
228826
285133
220706
219560
242013
220800
182306
210720
256440
215226
243920
148400
216893
161384
293026
227741
200706
261746
195613
167426
203173
225560
217286
161164
228545
235986
253746
206080
194840
248106
209426
210580
195373
223053
229533
259453
184920
212293
242840
273893
174168
244973
193853
250626
231386
193749
198186
221946
215226
210626
199986
232946
242973
199480
277040
220946
248133
224653
219466
195973
164818
242680
177280
277386
245040
240165
257847
208733
186106
262173
259440
216160
207333
193146
221106
192106
201160
255586
205933
205346
219333
227333
206413
285240
283400
203200
231693
219493
227280
303200
161384
222213
228840
213546
221176
214013
222306
237266
263386
227146
218520
210960
258866
235320
223266
152181
189533
212320
163133
167903
240133
228093
189093
219026
251626
205640
196400
210840
232160
78200
213253
247946
223386
188453
227973
211920
281280
285120
187613
200013
228200
237986
238760
219973
225146
224293
213826
193146
218200
220520
230253
235613
263826
186813
196664
258342
484146
242733
213826
208960
223546
233478
163133
141805
248413
190185
219760
231240
221360
247426
326280
179076
338413
283400
271426
259093
212862
225146
157152
192789
178560
221746
174120
231986
227880
163905
229506
212333
219466
117013
186826
233786
227986
318525
212560
263973
303200
237986
241160
224920
210840
142773
276720
247906
298373
219493
234506
211920
277040
106000
288760
209693
175200
257839
223800
266600
214373
238746
251506
234760
161200
230960
236865
213708
200106
258373
323000
276880
190186
247800
215720
227395
185586
234040
193146
202533
251626
260276
314389
177773
186080
269266
228840
292593
222013
279506
220573
252733
193773
207040
216013
214333
215672
269560
161853
257839
177685
224840
187920
193920
172723
204160
214147
219200
245866
213733
250188
229400
193058
252733
190185
260533
247426
175200
245493
216120
209423
199386
255866
189960
243189
194240
209160
184104
169866
323480
260240
214840
243293
210946
193295
227833
266840
215110
221360
688453
223546
296520
190360
220906
175426
267866
164842
233478
180892
227880
235382
186813
206613
237626
255093
217306
231013
219160
226866
227000
229400
164166
242013
206166
193733
231013
153865
182960
220573
240400
192160
244226
246026
254466
226506
238800
157146
263826
216573
206866
237247
201600
211960
188260
228144
191040
220319
202496
217346
319466
278066
275226
221173
169586
207133
269666
281560
180386
222093
235493
199080
231826
185142
277680
242253
180565
213520
253520
241693
211933
176561
207719
219200
250285
204013
196693
182666
189253
226580
199263
239316
221280
187920
231000
267066
192560
204239
205680
258986
295502
206880
238426
173160
229360
227480
244973
188238
228360
272973
243706
231013
140869
219305
176744
142212
192160
257200
214739
195200
251989
236133
220433
172723
247266
211573
213506
227373
193320
197854
192120
220466
197266
203106
223973
200080
204280
226000
202173
184226
190453
225053
209160
218506
142000
199386
219535
241874
181080
292593
190240
225226
190586
252040
200733
216120
198733
164842
153190
185733
240013
206666
296520
226600
170637
212640
232626
200786
173986
235320
202333
247866
295502
208373
236001
244960
211666
237300
191600
192190
197933
214480
222160
219146
251466
186458
195920
202746
206880
267066
185360
223078
176840
187973
201000
313546
205680
242253
215413
225205
164842
235946
205879
251033
185733
229080
245226
225053
194453
260533
258812
213427
205946
198236
194186
217706
244453
207626
194613
196693
238320
200680
240000
230453
183695
234909
235653
181240
202173
227426
256533
244960
193546
243490
182733
148079
200786
213520
258266
237786
262693
275280
226160
202221
220433
213593
189268
212946
290900
192376
176561
223853
185142
201253
245386
222600
232093
210573
181880
263786
259266
323746
239853
180386
263400
233712
229360
206693
177000
247160
343150
244960
165386
204346
220293
211466
288600
182706
204600
233901
225983
141805
204173
291893
230453
219080
208786
199440
289624
326933
222351
220780
253106
176320
230226
250173
188174
224000
269186
222360
204502
210937
214265
211853
261153
239293
111020
226160
251088
163253
205946
203760
220306
236001
189440
187146
242407
276333
208733
268186
181733
224853
195920
214801
209640
238586
185946
144244
208120
298940
227360
230266
243836
202735
225205
212066
188253
237733
192960
217603
243187
201000
202546
181812
275080
209269
181880
190311
269600
216408
304041
340706
240439
231906
212506
222786
187973
233087
205733
197170
217306
199853
212027
126345
184040
198973
263400
163870
217306
181733
221440
253390
165853
217925
215229
210746
239835
231266
182080
256063
209320
284773
226973
201707
205920
131064
187146
181263
232253
142273
230010
181279
232959
212120
245386
179404
196746
163253
303076
197436
203417
201240
172800
223346
211420
207904
312820
276147
124055
268866
211360
232186
190288
201000
145800
225773
238614
145301
289624
216631
157643
175229
196520
210787
199758
224284
197546
237240
203760
200853
223846
202546
214846
189466
196800
233712
233087
260000
173600
259333
205453
173799
228373
229670
298899
417920
185200
195428
250173
229400
214466
229303
135090
199853
182706
129105
213993
225020
121886
208733
221800
332300
217946
189440
204346
157066
158040
290320
194087
149546
298899
178626
217866
312820
181026
190946
207320
191013
172832
171029
196254
219946
173799
180522
215733
160656
260640
215229
187436
163320
213593
145542
182160
131240
190800
174853
228759
231266
203417
205426
213386
190440
200889
168227
171360
114893
179449
288624
162680
210367
166560
193200
129264
239835
183906
197866
204664
234346
205106
196373
192470
200593
212500
182626
120133
274693
169666
215280
186733
200106
193226
268434
196077
158332
253390
184060
195637
198160
193143
203881
80927
126446
189253
183000
199382
213993
172832
189486
202204
214240
168960
192053
205803
201707
181823
192539
196746
176631
199427
202920
227395
182493
169920
186106
177390
240050
